{
    "ROBOT_IP": "192.168.58.2",
    "ROBOT_TOOL": 1,
    "ROBOT_USER": 1,
    "TCP_X_OFFSET": -0.041,
    "TCP_Y_OFFSET": 76.859,
    "TCP_X_STEP_DISTANCE": 50.0,
    "TCP_X_STEP_OFFSET": 0.1,
    "TCP_Y_STEP_DISTANCE": 50.0,
    "TCP_Y_STEP_OFFSET": 0.1,
    "OFFSET_DIRECTION_MAP": {
        "+X": true,
        "-X": true,
        "+Y": true,
        "-Y": true
    },
    "MOVEMENT_GROUPS": {
        "LOGIN_POS": {
            "velocity": 19,
            "acceleration": 10,
            "iterations": 1,
            "position": "[59.09162521362304, -334.1329650878906, 750.5046997070312, -179.996871948242, 0.02683817781507969, -89.9997329711914]"
        },
        "HOME_POS": {
            "velocity": 60,
            "acceleration": 20,
            "iterations": 1,
            "position": "[-331.7014770507812, -20.10634994506836, 819.7125244140625, 179.973892211914, 0.005094300955533981, 90.00048065185547]"
        },
        "CALIBRATION_POS": {
            "velocity": 60,
            "acceleration": 20,
            "iterations": 1,
            "position": "[-20.09586906433105, 331.7164306640625, 819.3775634765625, 179.9144897460937, 0.010203742422163488, 0.0007023992366157472]"
        },
        "NOZZLE CLEAN": {
            "velocity": 80,
            "acceleration": 50,
            "iterations": 4,
            "points": [
                "[206.3021545410156, 200.4510955810547, 259.3180847167968, 179.99755859375, 0.0037091895937919617, -0.0003862655721604824]",
                "[260.3254089355468, 200.4507904052734, 259.3133544921875, 179.9977416992187, 0.0033783367834985256, 4.8864036216400564e-05]"
            ]
        },
        "TOOL CHANGER": {
            "velocity": 50,
            "acceleration": 30,
            "iterations": 1
        },
        "SLOT 0 PICKUP": {
            "velocity": 30,
            "acceleration": 30,
            "iterations": 1
        },
        "SLOT 0 DROPOFF": {
            "velocity": 30,
            "acceleration": 10,
            "iterations": 1,
            "points": [
                "[-160.138442993164, -168.488555908203, 661.91162109375, 179.9897308349609, -0.00527716102078557, 90]",
                "[-160.1409301757812, -168.4954223632812, 523.7652587890625, 179.9899139404297, -0.005167203955352306, 90]",
                "[-172.8367614746093, -240.451431274414, 523.7734375, 179.9915771484375, -0.007874475792050362, 90]",
                "[-172.8304595947265, -240.4488983154297, 681.938232421875, 179.991729736328, -0.007415294647216797, 90]"
            ]
        },
        "SLOT 1 PICKUP": {
            "velocity": 30,
            "acceleration": 10,
            "iterations": 1,
            "points": [
                "[-284.8736877441406, -262.37060546875, 592.01513671875, 179.8912200927734, -0.03863755613565445, 90.0039825439453]",
                "[-284.746368408203, -262.3269653320312, 523.8851318359375, 179.8917999267578, -0.03833792731165886, 90.0042037963867]",
                "[-284.7890014648437, -166.1016235351562, 523.916015625, 179.8827972412109, -0.015120966359972956, 90.00396728515625]"
            ]
        },
        "SLOT 1 DROPOFF": {
            "velocity": 30,
            "acceleration": 10,
            "iterations": 1,
            "points": [
                "[-284.7908935546875, -166.1016540527343, 523.9171142578125, 179.883056640625, -0.01528615318238735, 90.00396728515625]",
                "[-284.7462158203125, -260.3250122070312, 523.8803100585938, 179.8912353515625, -0.038017481565475464, 90.0042037963867]",
                "[-284.8612365722656, -260.3604736328125, 584.0012817382812, 179.8909301757812, -0.03791939839720726, 90.0039825439453]"
            ]
        },
        "SLOT 4 PICKUP": {
            "velocity": 30,
            "acceleration": 10,
            "iterations": 1,
            "points": [
                "[-435.014923095703, -264.7582397460937, 570.0919799804688, 179.9975280761718, -0.0002080684789689258, 89.9996109008789]",
                "[-435.0088806152343, -264.7576293945312, 525.02587890625, 179.998825073242, 3.5456116165732965e-05, 89.9996109008789]",
                "[-435.005615234375, -175.6795654296875, 525.0255737304688, 179.9997100830078, 0.00039274521986953914, 89.9998321533203]"
            ]
        },
        "SLOT 4 DROPOFF": {
            "velocity": 30,
            "acceleration": 10,
            "iterations": 1,
            "points": [
                "[-435.005615234375, -175.6795654296875, 525.0255737304688, 179.9997100830078, 0.00039274521986953914, 89.9998321533203]",
                "[-435.0088806152343, -264.7576293945312, 525.02587890625, 179.998825073242, 3.5456116165732965e-05, 89.9996109008789]",
                "[-435.014923095703, -264.7582397460937, 570.0919799804688, 179.9975280761718, -0.0002080684789689258, 89.9996109008789]"
            ]
        },
        "JOG": {
            "velocity": 100,
            "acceleration": 50,
            "iterations": 1
        }
    },
    "SAFETY_LIMITS": {
        "x_min": -500,
        "x_max": 500,
        "y_min": -500,
        "y_max": 500,
        "z_min": 245,
        "z_max": 825,
        "rx_min": 170,
        "rx_max": 180,
        "ry_min": -10,
        "ry_max": 10,
        "rz_min": -180,
        "rz_max": 180
    },
    "GLOBAL_MOTION_SETTINGS": {
        "global_velocity": 60,
        "global_acceleration": 20,
        "emergency_decel": 500,
        "max_jog_step": 50
    }
}